6 22
0 0.25 4 1 0 0 0
0 0 0 1 0 0 0
-2 1 0 1 0 0 0
0.5 0.75 0 1 0 0 0
0.7 0 0 1 0 0 0
-0.5 0.75 0 1 0 0 0
-0.7 0 0 1 0 0 0
0.375 -0.75 0 1 0 0 0
0 -1 0 1 0 0 0
-0.375 -0.75 0 1 0 0 0
0 -1 0 1 0 0 0
0 0.75 0 1 0 0 0
2 1 0 1 0 0 0
0.5 0.75 0 1 0 0 0
0.7 0 0 1 0 0 0
-0.5 0.75 0 1 0 0 0
-0.7 0 0 1 0 0 0
0.375 -0.75 0 1 0 0 0
0 -1 0 1 0 0 0
-0.375 -0.75 0 1 0 0 0
0 -1 0 1 0 0 0
0 0.75 0 1 0 0 0
0 0.25 7.12 1 0 0 0
0 0 0 1 0 0 0
-2 1 0 1 0 0 0
0.5 0.75 0 1 0 0 0
0.7 0 0 1 0 0 0
-0.5 0.75 0 1 0 0 0
-0.7 0 0 1 0 0 0
0.375 -0.75 0 1 0 0 0
0 -1 0 1 0 0 0
-0.375 -0.75 0 1 0 0 0
0 -1 0 1 0 0 0
0 0.75 0 1 0 0 0
2 1 0 1 0 0 0
0.5 0.75 0 1 0 0 0
0.7 0 0 1 0 0 0
-0.5 0.75 0 1 0 0 0
-0.7 0 0 1 0 0 0
0.375 -0.75 0 1 0 0 0
0 -1 0 1 0 0 0
-0.375 -0.75 0 1 0 0 0
0 -1 0 1 0 0 0
0 0.75 0 1 0 0 0
0 0.25 7.12 1 0 0 0
0 0 0 1 0 0 0
-2 1 0 0.790878 0.0367121 0.609253 0.0444393
0.5 0.75 0 1 0 0 0
0.7 0 0 1 0 0 0
-0.5 0.75 0 1 0 0 0
-0.7 0 0 1 0 0 0
0.375 -0.75 0 1 0 0 0
0 -1 0 1 0 0 0
-0.375 -0.75 8.95117e-016 0.863029 -0.483192 0.0664872 0.131477
4.46691e-016 -1 6.8695e-016 0.740533 0.649445 -0.0897865 -0.14755
0 0.75 0 1 0 0 0
2 1 0 0.741076 -0.111122 -0.583122 -0.313731
0.5 0.75 0 1 0 0 0
0.7 0 0 1 0 0 0
-0.5 0.75 0 1 0 0 0
-0.7 0 0 1 0 0 0
0.375 -0.75 -4.7358e-016 0.772062 -0.400145 -0.289893 0.399708
2.65326e-015 -1 -1.5838e-015 0.74097 0.559603 -0.301185 -0.217016
-0.375 -0.75 9.54098e-016 0.795902 -0.485944 -0.22393 0.283292
-2.77296e-015 -1 -1.47105e-015 0.756564 0.6065 0.192383 0.150856
0 0.75 0 1 0 0 0
4.35098 3.43771 4.47304 0.893944 -0.193778 0.379602 0.138625
0 0 0 1 0 0 0
-2 1 4.69763e-015 0.66486 -0.372332 0.471382 0.443993
0.5 0.75 0 1 0 0 0
0.7 0 0 1 0 0 0
-0.5 0.75 0 1 0 0 0
-0.7 0 0 1 0 0 0
0.375 -0.75 0 1 0 0 0
0 -1 0 1 0 0 0
-0.375 -0.75 8.95117e-016 0.863029 -0.483192 0.0664872 0.131477
4.46691e-016 -1 6.8695e-016 0.740533 0.649445 -0.0897865 -0.14755
0 0.75 0 1 0 0 0
2 1 -5.31866e-015 0.865365 -0.443439 0.106222 -0.207899
0.5 0.75 9.92262e-016 0.634423 -0.0653692 -0.769862 0.0233693
0.7 3.18322e-016 6.49654e-016 0.809377 -0.088123 -0.57798 -0.0555191
-0.5 0.75 1.36176e-015 0.850296 -0.0716725 0.521142 0.0164791
-0.7 -1.31118e-015 -2.29851e-015 0.846651 -0.0117734 0.516285 0.128424
0.375 -0.75 -8.70831e-016 0.468737 -0.757761 -0.443801 0.0955149
2.70183e-015 -1 -1.77419e-015 0.82179 0.40642 -0.150339 -0.369976
-0.375 -0.75 9.54098e-016 0.795902 -0.485944 -0.22393 0.283292
-2.77296e-015 -1 -1.47105e-015 0.756564 0.6065 0.192383 0.150856
0 0.75 0 1 0 0 0
-2.02805 2.96863 -6.1507 -0.136188 -0.0483511 0.967892 0.205671
0 0 0 1 0 0 0
-2 1 1.66533e-015 0.210994 -0.747396 0.112421 0.619873
0.5 0.75 -5.42968e-016 0.791967 0.128512 -0.56379 -0.195996
0.7 -7.2338e-016 -1.76421e-015 0.789565 0.163894 -0.564503 -0.176247
-0.5 0.75 1.02349e-015 0.735158 0.090058 0.662049 0.114561
-0.7 8.7094e-016 -2.70617e-016 0.691274 0.186805 0.693854 0.0762268
0.375 -0.75 -4.7011e-016 0.842563 -0.536533 0.0374871 -0.0285275
-8.76469e-016 -1 -9.74915e-016 0.838731 0.53421 0.0939776 -0.0481532
-0.375 -0.75 8.95117e-016 0.863029 -0.483192 0.0664872 0.131477
4.46691e-016 -1 6.8695e-016 0.740533 0.649445 -0.0897865 -0.14755
-8.41341e-017 0.75 5.04805e-016 0.922547 -0.303681 0.225187 0.0773091
2 1 -4.73926e-015 0.330066 -0.0589425 0.930146 0.149702
0.5 0.75 9.92262e-016 0.634423 -0.0653692 -0.769862 0.0233693
0.7 3.18322e-016 6.49654e-016 0.809377 -0.088123 -0.57798 -0.0555191
-0.5 0.75 1.36176e-015 0.850296 -0.0716725 0.521142 0.0164791
-0.7 -1.31118e-015 -2.29851e-015 0.846651 -0.0117734 0.516285 0.128424
0.375 -0.75 -8.70831e-016 0.468737 -0.757761 -0.443801 0.0955149
2.70183e-015 -1 -1.77419e-015 0.82179 0.40642 -0.150339 -0.369976
-0.375 -0.75 9.54098e-016 0.795902 -0.485944 -0.22393 0.283292
-2.77296e-015 -1 -1.47105e-015 0.756564 0.6065 0.192383 0.150856
0 0.75 0 1 0 0 0
-2.02805 2.96863 -6.1507 -0.136188 -0.0483511 0.967892 0.205671
0 0 0 1 0 0 0
-2 1 1.66533e-015 0.210994 -0.747396 0.112421 0.619873
0.5 0.75 -5.42968e-016 0.791967 0.128512 -0.56379 -0.195996
0.7 -7.2338e-016 -1.76421e-015 0.789565 0.163894 -0.564503 -0.176247
-0.5 0.75 1.02349e-015 0.735158 0.090058 0.662049 0.114561
-0.7 8.7094e-016 -2.70617e-016 0.691274 0.186805 0.693854 0.0762268
0.375 -0.75 -4.7011e-016 0.842563 -0.536533 0.0374871 -0.0285275
-8.76469e-016 -1 -9.74915e-016 0.838731 0.53421 0.0939776 -0.0481532
-0.375 -0.75 8.95117e-016 0.863029 -0.483192 0.0664872 0.131477
4.46691e-016 -1 6.8695e-016 0.740533 0.649445 -0.0897865 -0.14755
-8.41341e-017 0.75 5.04805e-016 0.922547 -0.303681 0.225187 0.0773091
2 1 -4.73926e-015 0.330066 -0.0589425 0.930146 0.149702
0.5 0.75 9.92262e-016 0.634423 -0.0653692 -0.769862 0.0233693
0.7 3.18322e-016 6.49654e-016 0.809377 -0.088123 -0.57798 -0.0555191
-0.5 0.75 1.36176e-015 0.850296 -0.0716725 0.521142 0.0164791
-0.7 -1.31118e-015 -2.29851e-015 0.846651 -0.0117734 0.516285 0.128424
0.375 -0.75 -8.70831e-016 0.468737 -0.757761 -0.443801 0.0955149
2.70183e-015 -1 -1.77419e-015 0.82179 0.40642 -0.150339 -0.369976
-0.375 -0.75 9.54098e-016 0.795902 -0.485944 -0.22393 0.283292
-2.77296e-015 -1 -1.47105e-015 0.756564 0.6065 0.192383 0.150856
0 0.75 0 1 0 0 0
