4
22
-0.131806 -0.0221936 4.00558 -0.994176 -0.0354479 0.0192122 0.0999382 
0 0 0 1 0 0 0 
-2 1 0 1 0 0 0 
0.5 0.75 0 1 0 0 0 
0.7 0 0 1 0 0 0 
0.5 -0.75 0 1 0 0 0 
0 -0.7 0 1 0 0 0 
-0.5 0.75 0 1 0 0 0 
-0.7 0 0 1 0 0 0 
-0.5 -0.75 0 1 0 0 0 
0 -0.7 0 1 0 0 0 
0 0.75 0 1 0 0 0 
2 1 0 1 0 0 0 
0.5 0.75 0 1 0 0 0 
0.7 0 0 1 0 0 0 
0.5 -0.75 0 1 0 0 0 
0 -0.7 0 1 0 0 0 
-0.5 0.75 0 1 0 0 0 
-0.7 0 0 1 0 0 0 
-0.5 -0.75 0 1 0 0 0 
0 -0.7 0 1 0 0 0 
0 0.75 0 1 0 0 0 
-1.04876 -0.00224724 3.86815 -0.684091 0.0743539 0.0684383 -0.722362 
0 0 0 1 0 0 0 
-2 1 0 1 0 0 0 
0.5 0.75 0 1 0 0 0 
0.7 0 0 1 0 0 0 
0.5 -0.75 0 1 0 0 0 
0 -0.7 0 1 0 0 0 
-0.5 0.75 0 1 0 0 0 
-0.7 0 0 1 0 0 0 
-0.5 -0.75 0 1 0 0 0 
0 -0.7 0 1 0 0 0 
0 0.75 0 1 0 0 0 
2 1 0 1 0 0 0 
0.5 0.75 0 1 0 0 0 
0.7 0 0 1 0 0 0 
0.5 -0.75 0 1 0 0 0 
0 -0.7 0 1 0 0 0 
-0.5 0.75 0 1 0 0 0 
-0.7 0 0 1 0 0 0 
-0.5 -0.75 0 1 0 0 0 
0 -0.7 0 1 0 0 0 
0 0.75 0 1 0 0 0 
-0.782894 -0.237615 3.92341 0.0435211 0.100886 -0.0058538 -0.993928 
0 0 0 1 0 0 0 
-2 1 0 1 0 0 0 
0.5 0.75 0 1 0 0 0 
0.7 0 0 1 0 0 0 
0.5 -0.75 0 1 0 0 0 
0 -0.7 0 1 0 0 0 
-0.5 0.75 0 1 0 0 0 
-0.7 0 0 1 0 0 0 
-0.5 -0.75 0 1 0 0 0 
0 -0.7 0 1 0 0 0 
0 0.75 0 1 0 0 0 
2 1 0 1 0 0 0 
0.5 0.75 0 1 0 0 0 
0.7 0 0 1 0 0 0 
0.5 -0.75 0 1 0 0 0 
0 -0.7 0 1 0 0 0 
-0.5 0.75 0 1 0 0 0 
-0.7 0 0 1 0 0 0 
-0.5 -0.75 0 1 0 0 0 
0 -0.7 0 1 0 0 0 
0 0.75 0 1 0 0 0 
-0.559611 0.0234857 3.96847 0.720163 0.0686766 -0.0741338 -0.686406 
0 0 0 1 0 0 0 
-2 1 0 1 0 0 0 
0.5 0.75 0 1 0 0 0 
0.7 0 0 1 0 0 0 
0.5 -0.75 0 1 0 0 0 
0 -0.7 0 1 0 0 0 
-0.5 0.75 0 1 0 0 0 
-0.7 0 0 1 0 0 0 
-0.5 -0.75 0 1 0 0 0 
0 -0.7 0 1 0 0 0 
0 0.75 0 1 0 0 0 
2 1 0 1 0 0 0 
0.5 0.75 0 1 0 0 0 
0.7 0 0 1 0 0 0 
0.5 -0.75 0 1 0 0 0 
0 -0.7 0 1 0 0 0 
-0.5 0.75 0 1 0 0 0 
-0.7 0 0 1 0 0 0 
-0.5 -0.75 0 1 0 0 0 
0 -0.7 0 1 0 0 0 
0 0.75 0 1 0 0 0 
