9 25
-1.20305 15.6696 11.2223 0.891301 -0.452117 -0.0201106 0.0277181
0 -2 0 1 0 0 0
-8 1 0 1 0 0 0
0.5 0.75 0 1 0 0 0
0.7 0 0 1 0 0 0
-0.5 0.75 0 1 0 0 0
-0.7 0 0 1 0 0 0
0.375 -0.75 0 1 0 0 0
0 -1 0 1 0 0 0
-0.375 -0.75 0 1 0 0 0
0 -1 0 1 0 0 0
0 0.75 0 1 0 0 0
8 1 0 1 0 0 0
0.5 0.75 0 1 0 0 0
0.7 0 0 1 0 0 0
-0.5 0.75 0 1 0 0 0
-0.7 0 0 1 0 0 0
0.375 -0.75 0 1 0 0 0
0 -1 0 1 0 0 0
-0.375 -0.75 0 1 0 0 0
0 -1 0 1 0 0 0
0 0.75 0 1 0 0 0
4 3 5 1 0 0 0
-4 1 -4 1 0 0 0
0 0 0 1 0 0 0
-1.20305 15.6696 11.2223 0.891301 -0.452117 -0.0201106 0.0277181
0 -2 0 1 0 0 0
-8 1 0 1 0 0 0
0.5 0.75 0 1 0 0 0
0.7 0 0 1 0 0 0
-0.5 0.75 0 1 0 0 0
-0.7 0 0 1 0 0 0
0.375 -0.75 0 1 0 0 0
0 -1 0 1 0 0 0
-0.375 -0.75 0 1 0 0 0
0 -1 0 1 0 0 0
0 0.75 0 1 0 0 0
8 1 0 1 0 0 0
0.5 0.75 0 1 0 0 0
0.7 0 0 1 0 0 0
-0.5 0.75 0 1 0 0 0
-0.7 0 0 1 0 0 0
0.375 -0.75 0 1 0 0 0
0 -1 0 1 0 0 0
-0.375 -0.75 0 1 0 0 0
0 -1 0 1 0 0 0
0 0.75 0 1 0 0 0
3.12653 1.7218 6.65241 1 0 0 0
0.00897867 1.67994 -4.5133 1 0 0 0
0 0 0 1 0 0 0
-1.20305 15.6696 11.2223 0.891301 -0.452117 -0.0201106 0.0277181
0 -2 0 1 0 0 0
-8 1 0 1 0 0 0
0.5 0.75 0 1 0 0 0
0.7 0 0 1 0 0 0
-0.5 0.75 0 1 0 0 0
-0.7 0 0 1 0 0 0
0.375 -0.75 0 1 0 0 0
0 -1 0 1 0 0 0
-0.375 -0.75 0 1 0 0 0
0 -1 0 1 0 0 0
0 0.75 0 1 0 0 0
8 1 0 1 0 0 0
0.5 0.75 0 1 0 0 0
0.7 0 0 1 0 0 0
-0.5 0.75 0 1 0 0 0
-0.7 0 0 1 0 0 0
0.375 -0.75 0 1 0 0 0
0 -1 0 1 0 0 0
-0.375 -0.75 0 1 0 0 0
0 -1 0 1 0 0 0
0 0.75 0 1 0 0 0
-2.87154 1.16746 6.78924 1 0 0 0
4.03704 1.62147 -4.01799 1 0 0 0
0 0 0 1 0 0 0
-1.20305 15.6696 11.2223 0.891301 -0.452117 -0.0201106 0.0277181
0 -2 0 1 0 0 0
-8 1 0 1 0 0 0
0.5 0.75 0 1 0 0 0
0.7 0 0 1 0 0 0
-0.5 0.75 0 1 0 0 0
-0.7 0 0 1 0 0 0
0.375 -0.75 0 1 0 0 0
0 -1 0 1 0 0 0
-0.375 -0.75 0 1 0 0 0
0 -1 0 1 0 0 0
0 0.75 0 1 0 0 0
8 1 0 1 0 0 0
0.5 0.75 0 1 0 0 0
0.7 0 0 1 0 0 0
-0.5 0.75 0 1 0 0 0
-0.7 0 0 1 0 0 0
0.375 -0.75 0 1 0 0 0
0 -1 0 1 0 0 0
-0.375 -0.75 0 1 0 0 0
0 -1 0 1 0 0 0
0 0.75 0 1 0 0 0
-5.92171 2.80117 4.24736 1 0 0 0
6.77798 -0.601278 -0.704993 1 0 0 0
0 0 0 1 0 0 0
-1.20305 15.6696 11.2223 0.891301 -0.452117 -0.0201106 0.0277181
0 -2 0 1 0 0 0
-8 1 0 1 0 0 0
0.5 0.75 0 1 0 0 0
0.7 0 0 1 0 0 0
-0.5 0.75 0 1 0 0 0
-0.7 0 0 1 0 0 0
0.375 -0.75 0 1 0 0 0
0 -1 0 1 0 0 0
-0.375 -0.75 0 1 0 0 0
0 -1 0 1 0 0 0
0 0.75 0 1 0 0 0
8 1 0 1 0 0 0
0.5 0.75 0 1 0 0 0
0.7 0 0 1 0 0 0
-0.5 0.75 0 1 0 0 0
-0.7 0 0 1 0 0 0
0.375 -0.75 0 1 0 0 0
0 -1 0 1 0 0 0
-0.375 -0.75 0 1 0 0 0
0 -1 0 1 0 0 0
0 0.75 0 1 0 0 0
-5.21763 5.19816 1.05228 1 0 0 0
7.19663 -1.02369 4.01318 1 0 0 0
0 0 0 1 0 0 0
-1.20305 15.6696 11.2223 0.891301 -0.452117 -0.0201106 0.0277181
0 -2 0 1 0 0 0
-8 1 0 1 0 0 0
0.5 0.75 0 1 0 0 0
0.7 0 0 1 0 0 0
-0.5 0.75 0 1 0 0 0
-0.7 0 0 1 0 0 0
0.375 -0.75 0 1 0 0 0
0 -1 0 1 0 0 0
-0.375 -0.75 0 1 0 0 0
0 -1 0 1 0 0 0
0 0.75 0 1 0 0 0
8 1 0 1 0 0 0
0.5 0.75 0 1 0 0 0
0.7 0 0 1 0 0 0
-0.5 0.75 0 1 0 0 0
-0.7 0 0 1 0 0 0
0.375 -0.75 0 1 0 0 0
0 -1 0 1 0 0 0
-0.375 -0.75 0 1 0 0 0
0 -1 0 1 0 0 0
0 0.75 0 1 0 0 0
0.31655 6.25222 -0.10164 1 0 0 0
-2.0413 -1.43985 7.20139 1 0 0 0
0 0 0 1 0 0 0
-1.20305 15.6696 11.2223 0.891301 -0.452117 -0.0201106 0.0277181
0 -2 0 1 0 0 0
-8 1 0 1 0 0 0
0.5 0.75 0 1 0 0 0
0.7 0 0 1 0 0 0
-0.5 0.75 0 1 0 0 0
-0.7 0 0 1 0 0 0
0.375 -0.75 0 1 0 0 0
0 -1 0 1 0 0 0
-0.375 -0.75 0 1 0 0 0
0 -1 0 1 0 0 0
0 0.75 0 1 0 0 0
8 1 0 1 0 0 0
0.5 0.75 0 1 0 0 0
0.7 0 0 1 0 0 0
-0.5 0.75 0 1 0 0 0
-0.7 0 0 1 0 0 0
0.375 -0.75 0 1 0 0 0
0 -1 0 1 0 0 0
-0.375 -0.75 0 1 0 0 0
0 -1 0 1 0 0 0
0 0.75 0 1 0 0 0
4.79293 -1.69625 -4.60755 0.999953 -0.00971907 -0.000401656 0.000106214
-8.28881 1.8127 8.40691 1 0 0 0
0 0 0 1 0 0 0
-1.20305 15.6696 11.2223 0.891301 -0.452117 -0.0201106 0.0277181
0 -2 0 1 0 0 0
-8 1 0 1 0 0 0
0.5 0.75 0 1 0 0 0
0.7 0 0 1 0 0 0
-0.5 0.75 0 1 0 0 0
-0.7 0 0 1 0 0 0
0.375 -0.75 0 1 0 0 0
0 -1 0 1 0 0 0
-0.375 -0.75 0 1 0 0 0
0 -1 0 1 0 0 0
0 0.75 0 1 0 0 0
8 1 0 1 0 0 0
0.5 0.75 0 1 0 0 0
0.7 0 0 1 0 0 0
-0.5 0.75 0 1 0 0 0
-0.7 0 0 1 0 0 0
0.375 -0.75 0 1 0 0 0
0 -1 0 1 0 0 0
-0.375 -0.75 0 1 0 0 0
0 -1 0 1 0 0 0
0 0.75 0 1 0 0 0
8.05787 -1.92617 -1.06075 0.999953 -0.00971907 -0.000401656 0.000106214
-8.28881 1.8127 8.40691 1 0 0 0
0 0 0 1 0 0 0
-1.20305 15.6696 11.2223 0.891301 -0.452117 -0.0201106 0.0277181
0 -2 0 1 0 0 0
-8 1 0 1 0 0 0
0.5 0.75 0 1 0 0 0
0.7 0 0 1 0 0 0
-0.5 0.75 0 1 0 0 0
-0.7 0 0 1 0 0 0
0.375 -0.75 0 1 0 0 0
0 -1 0 1 0 0 0
-0.375 -0.75 0 1 0 0 0
0 -1 0 1 0 0 0
0 0.75 0 1 0 0 0
8 1 0 1 0 0 0
0.5 0.75 0 1 0 0 0
0.7 0 0 1 0 0 0
-0.5 0.75 0 1 0 0 0
-0.7 0 0 1 0 0 0
0.375 -0.75 0 1 0 0 0
0 -1 0 1 0 0 0
-0.375 -0.75 0 1 0 0 0
0 -1 0 1 0 0 0
0 0.75 0 1 0 0 0
7.82961 -1.39722 -1.8054 0.999953 -0.00971907 -0.000401656 0.000106214
-8.24787 4.44288 4.8255 1 0 0 0
0 0 0 1 0 0 0
