2
22
0.000000 0.250000 4.000000 1.000000 0.000000 0.000000 0.000000 
0.000000 0.000000 0.000000 1.000000 0.000000 0.000000 0.000000 
-2.000000 1.000000 0.000000 1.000000 0.000000 0.000000 0.000000 
0.536084 0.822169 0.000000 0.666119 0.632206 -0.355034 -0.174790 
0.700000 -0.009021 0.000000 1.000000 0.000000 0.000000 0.000000 
0.500000 -0.750000 0.000000 1.000000 0.000000 0.000000 0.000000 
0.000000 -0.700000 0.000000 1.000000 0.000000 0.000000 0.000000 
-0.500000 0.750000 0.000000 1.000000 0.000000 0.000000 0.000000 
-0.700000 0.000000 0.000000 1.000000 0.000000 0.000000 0.000000 
-0.500000 -0.750000 0.000000 1.000000 0.000000 0.000000 0.000000 
0.000000 -0.700000 0.000000 1.000000 0.000000 0.000000 0.000000 
0.000000 0.750000 0.000000 1.000000 0.000000 0.000000 0.000000 
2.000000 1.000000 0.000000 1.000000 0.000000 0.000000 0.000000 
0.500000 0.750000 0.000000 1.000000 0.000000 0.000000 0.000000 
0.700000 0.000000 0.000000 1.000000 0.000000 0.000000 0.000000 
0.500000 -0.750000 0.000000 1.000000 0.000000 0.000000 0.000000 
0.000000 -0.700000 0.000000 1.000000 0.000000 0.000000 0.000000 
-0.500000 0.750000 0.000000 1.000000 0.000000 0.000000 0.000000 
-0.700000 0.000000 0.000000 1.000000 0.000000 0.000000 0.000000 
-0.500000 -0.750000 0.000000 1.000000 0.000000 0.000000 0.000000 
0.000000 -0.700000 0.000000 1.000000 0.000000 0.000000 0.000000 
0.000000 0.750000 0.000000 1.000000 0.000000 0.000000 0.000000 
0.000000 0.250000 4.000000 1.000000 0.000000 0.000000 0.000000 
0.000000 0.000000 0.000000 1.000000 0.000000 0.000000 0.000000 
-2.000000 1.000000 0.000000 1.000000 0.000000 0.000000 0.000000 
0.536084 0.822169 0.000000 0.666119 0.632206 -0.355034 -0.174790 
0.700000 -0.009021 0.000000 1.000000 0.000000 0.000000 0.000000 
0.500000 -0.750000 0.000000 1.000000 0.000000 0.000000 0.000000 
0.000000 -0.700000 0.000000 1.000000 0.000000 0.000000 0.000000 
-0.500000 0.750000 0.000000 1.000000 0.000000 0.000000 0.000000 
-0.700000 0.000000 0.000000 1.000000 0.000000 0.000000 0.000000 
-0.500000 -0.750000 0.000000 1.000000 0.000000 0.000000 0.000000 
0.000000 -0.700000 0.000000 1.000000 0.000000 0.000000 0.000000 
0.000000 0.750000 0.000000 1.000000 0.000000 0.000000 0.000000 
2.000000 1.000000 0.000000 1.000000 0.000000 0.000000 0.000000 
0.500000 0.750000 0.000000 1.000000 0.000000 0.000000 0.000000 
0.700000 0.000000 0.000000 1.000000 0.000000 0.000000 0.000000 
0.500000 -0.750000 0.000000 1.000000 0.000000 0.000000 0.000000 
0.000000 -0.700000 0.000000 1.000000 0.000000 0.000000 0.000000 
-0.490979 0.777063 0.000000 -0.275237 0.882384 0.371658 0.086680 
-0.700000 0.000000 0.000000 1.000000 0.000000 0.000000 0.000000 
-0.500000 -0.750000 0.000000 1.000000 0.000000 0.000000 0.000000 
0.000000 -0.700000 0.000000 1.000000 0.000000 0.000000 0.000000 
0.000000 0.750000 0.000000 1.000000 0.000000 0.000000 0.000000 
